2312051612
2312051613
2312051507
2312051461
2312051801
2312051483
2312051615
2312051542
2312051497
2312051534
2312051693
2312051646
2312051622
2312051608
2312051609
2312051538
2312051455
2312051517
2312051522
2312051775
2312051659
2312051706
2312051611
2312051674
2312051458
2312051513
2312051614
2312051533
2312051459
2312051518
2312051492
2312051656
2312051460
2312051462
2312051464
2312051525
2312051782
2312051463
2312051465
2312051676
2312051466
2312051713
2312051717
2312051552
2312051467
2312051530
2312051654
2312051502
2312051468
2312051469
2312051616
2312051779
2312051470
2312051510
2312051688
2312051617
2312051471
2312051618
2312051546
2312051776
2312051526
2312051599
2312051805
2312051621
2312051573
